# Parallactic angle [deg]
-1.430819999999999936e+01
-1.394960000000000022e+01
-1.359019999999999939e+01
-1.323000000000000043e+01
-1.286909999999999954e+01
-1.250740000000000052e+01
-1.214499999999999957e+01
-1.178200000000000003e+01
-1.141820000000000057e+01
-1.105380000000000074e+01
-6.433659999999999712e+00
-6.062199999999999811e+00
-5.690369999999999706e+00
-5.318200000000000038e+00
-4.945700000000000429e+00
-4.572910000000000252e+00
-4.199830000000000396e+00
-3.826499999999999790e+00
-3.452939999999999898e+00
-3.079169999999999963e+00
1.618370000000000086e+00
1.992750000000000021e+00
2.367010000000000058e+00
2.741120000000000001e+00
3.115069999999999784e+00
3.488820000000000032e+00
3.862369999999999859e+00
4.235669999999999824e+00
4.608719999999999928e+00
4.981489999999999974e+00
9.637299999999999756e+00
1.000409999999999933e+01
1.037030000000000030e+01
1.073600000000000065e+01
1.110100000000000087e+01
1.146529999999999916e+01
1.182900000000000063e+01
1.219200000000000017e+01
1.255429999999999957e+01
1.291580000000000084e+01
1.737170000000000059e+01
1.772180000000000177e+01
1.807110000000000127e+01
1.841929999999999978e+01
1.876660000000000039e+01
1.911289999999999978e+01
1.945810000000000173e+01
1.980239999999999867e+01
2.014560000000000173e+01
2.048780000000000001e+01
2.491669999999999874e+01
2.524299999999999855e+01
2.556800000000000139e+01
2.589189999999999969e+01
2.621450000000000102e+01
2.653600000000000136e+01
2.685630000000000095e+01
2.717530000000000001e+01
2.749309999999999832e+01
2.780969999999999942e+01
3.170570000000000022e+01
3.200520000000000209e+01
3.230349999999999966e+01
3.260049999999999670e+01
3.289620000000000033e+01
3.319060000000000343e+01
3.348380000000000223e+01
3.377570000000000050e+01
3.406629999999999825e+01
3.435560000000000258e+01
