nan 0.000000000000000000e+00 6.000000000000000000e+01 1.200000000000000000e+02 1.800000000000000000e+02 2.400000000000000000e+02 3.000000000000000000e+02
1.499999999999999944e-01 3.756138650612854235e+00 3.771951043321050800e+00 3.965576743533986370e+00 3.763899337170167225e+00 3.808168454645272760e+00 4.209035971954311783e+00
2.000000000000000111e-01 4.374496882817008547e+00 4.389922121359534302e+00 4.534551315519653514e+00 4.342989646244508783e+00 4.469836685946735777e+00 4.967079643912497566e+00
2.500000000000000000e-01 4.768105668785889151e+00 4.796812168004718657e+00 4.930137695210469850e+00 4.718096372529668514e+00 4.928523589966308904e+00 5.366621184142839951e+00
3.000000000000000444e-01 5.050019009369735024e+00 5.071286126427669849e+00 5.216186326241640359e+00 4.985245987565502190e+00 5.241821360087109305e+00 5.645237627103031564e+00
3.500000000000000888e-01 5.315455871616133088e+00 5.330160102508016529e+00 5.478636184993852964e+00 5.232586732878127478e+00 5.531182670190397666e+00 5.885351998745248281e+00
4.000000000000001332e-01 5.618944044498954682e+00 5.598044100577276083e+00 5.721269016800495599e+00 5.511824962636221237e+00 5.789888049439034567e+00 6.118389941357471606e+00
4.500000000000000666e-01 6.156257260952462396e+00 5.995374391196341080e+00 6.111439625342518944e+00 6.005373301660086760e+00 6.221576813211667556e+00 6.500292578588039660e+00
5.000000000000001110e-01 6.664390210346311960e+00 6.463054443815115846e+00 6.549439932512036044e+00 6.629698020899320809e+00 6.690518632246694963e+00 6.930109499130010953e+00
5.500000000000001554e-01 7.132189706750875935e+00 6.849411870854077655e+00 6.973923121225142907e+00 7.267454526803392767e+00 7.063949046752688865e+00 7.264805869252989545e+00
6.000000000000001998e-01 7.492231792886118846e+00 7.197400845830059346e+00 7.321540868506034805e+00 7.667920160078610436e+00 7.405505480082929637e+00 7.686380069765131218e+00
6.500000000000002442e-01 7.855355385362533305e+00 7.600783310690456318e+00 7.757186594135535351e+00 8.243199153179077143e+00 7.817836827642082653e+00 7.650237575887035568e+00
7.000000000000001776e-01 6.559816553890243540e+00 6.362977782321848963e+00 6.154389996840042620e+00 6.620618357606158355e+00 6.305161557064141498e+00 6.079692055586092714e+00
7.500000000000002220e-01 6.656533288903792922e+00 6.196015134886727616e+00 6.181651595128263565e+00 6.698818836745120464e+00 6.181138997264075563e+00 6.181727719024877388e+00
nan 0.000000000000000000e+00 6.000000000000000000e+01 1.200000000000000000e+02 1.800000000000000000e+02 2.400000000000000000e+02 3.000000000000000000e+02
1.499999999999999944e-01 4.975777986109098272e+00 4.807335039572379287e+00 5.083737164085848192e+00 4.421651854388032987e+00 4.540496290792647827e+00 5.620079093422345906e+00
2.000000000000000111e-01 6.419916893022410420e+00 6.448198698180513055e+00 6.453131442462236578e+00 6.295328599878194709e+00 6.353941381255806320e+00 7.019305780604602418e+00
2.500000000000000000e-01 7.138800072947608655e+00 7.236724717204044310e+00 7.276144646575586350e+00 6.993273234743948130e+00 7.334483562589205086e+00 7.563326723387088890e+00
3.000000000000000444e-01 7.680014264229376053e+00 7.913830189257832437e+00 7.974332781780268498e+00 7.671715176357411181e+00 7.957026635073406240e+00 8.476600435144870715e+00
3.500000000000000888e-01 8.138175457039229954e+00 8.458561323455867864e+00 8.366696986457093033e+00 8.149071587147252771e+00 8.489329056640270821e+00 8.559611308773433791e+00
4.000000000000001332e-01 8.107800632562902621e+00 8.183965379200262902e+00 8.183379837283768055e+00 7.997051172512083639e+00 8.069204482425865521e+00 8.348419774390061221e+00
4.500000000000000666e-01 1.126389710247497433e+01 8.477523180808272940e+00 8.493336638178067943e+00 8.687459397086140456e+00 8.678324023459344616e+00 8.557459519532544689e+00
5.000000000000001110e-01 8.718040511718239571e+00 8.865582403121361921e+00 8.785015161360499647e+00 9.123608990386923523e+00 9.099235249583879082e+00 8.866932267759322528e+00
5.500000000000001554e-01 8.900122143284983522e+00 8.874277543621218456e+00 9.231495306664172062e+00 9.200024427796954285e+00 9.018711448027001865e+00 9.552761955530900906e+00
6.000000000000001998e-01 7.457188200255674637e+00 7.529708241745854735e+00 7.824364185917279002e+00 7.428251521725576012e+00 7.610051818773462706e+00 8.304431450962615813e+00
6.500000000000002442e-01 6.600162828459459341e+00 6.953310983178425886e+00 7.274448865635319450e+00 6.687190614523461640e+00 7.078825830654792206e+00 7.126037689142348697e+00
7.000000000000001776e-01 6.302577233404906387e+00 7.055030349725305072e+00 6.596388492062788877e+00 6.404777134077837886e+00 6.883263012519369006e+00 6.463175655534453945e+00
7.500000000000002220e-01 6.553135416907594823e+00 7.156787098716860918e+00 7.255646076270361178e+00 6.689807284242078822e+00 7.089972952521291560e+00 7.287622197193528883e+00
