4.975777986109098272e+00 4.807335039572379287e+00 5.083737164085848192e+00 4.421651854388032987e+00 4.540496290792647827e+00 5.620079093422345906e+00
6.419916893022410420e+00 6.448198698180513055e+00 6.453131442462236578e+00 6.295328599878194709e+00 6.353941381255806320e+00 7.019305780604602418e+00
7.138800072947608655e+00 7.236724717204044310e+00 7.276144646575586350e+00 6.993273234743948130e+00 7.334483562589205086e+00 7.563326723387088890e+00
7.680014264229376053e+00 7.913830189257832437e+00 7.974332781780268498e+00 7.671715176357411181e+00 7.957026635073406240e+00 8.476600435144870715e+00
8.138175457039229954e+00 8.458561323455867864e+00 8.366696986457093033e+00 8.149071587147252771e+00 8.489329056640270821e+00 8.559611308773433791e+00
8.107800632562902621e+00 8.183965379200262902e+00 8.183379837283768055e+00 7.997051172512083639e+00 8.069204482425865521e+00 8.348419774390061221e+00
1.126389710247497433e+01 8.477523180808272940e+00 8.493336638178067943e+00 8.687459397086140456e+00 8.678324023459344616e+00 8.557459519532544689e+00
8.718040511718239571e+00 8.865582403121361921e+00 8.785015161360499647e+00 9.123608990386923523e+00 9.099235249583879082e+00 8.866932267759322528e+00
8.900122143284983522e+00 8.874277543621218456e+00 9.231495306664172062e+00 9.200024427796954285e+00 9.018711448027001865e+00 9.552761955530900906e+00
7.457188200255674637e+00 7.529708241745854735e+00 7.824364185917279002e+00 7.428251521725576012e+00 7.610051818773462706e+00 8.304431450962615813e+00
6.600162828459459341e+00 6.953310983178425886e+00 7.274448865635319450e+00 6.687190614523461640e+00 7.078825830654792206e+00 7.126037689142348697e+00
6.302577233404906387e+00 7.055030349725305072e+00 6.596388492062788877e+00 6.404777134077837886e+00 6.883263012519369006e+00 6.463175655534453945e+00
6.553135416907594823e+00 7.156787098716860918e+00 7.255646076270361178e+00 6.689807284242078822e+00 7.089972952521291560e+00 7.287622197193528883e+00
