3.756138650612854235e+00 3.771951043321050800e+00 3.965576743533986370e+00 3.763899337170167225e+00 3.808168454645272760e+00 4.209035971954311783e+00
4.374496882817008547e+00 4.389922121359534302e+00 4.534551315519653514e+00 4.342989646244508783e+00 4.469836685946735777e+00 4.967079643912497566e+00
4.768105668785889151e+00 4.796812168004718657e+00 4.930137695210469850e+00 4.718096372529668514e+00 4.928523589966308904e+00 5.366621184142839951e+00
5.050019009369735024e+00 5.071286126427669849e+00 5.216186326241640359e+00 4.985245987565502190e+00 5.241821360087109305e+00 5.645237627103031564e+00
5.315455871616133088e+00 5.330160102508016529e+00 5.478636184993852964e+00 5.232586732878127478e+00 5.531182670190397666e+00 5.885351998745248281e+00
5.618944044498954682e+00 5.598044100577276083e+00 5.721269016800495599e+00 5.511824962636221237e+00 5.789888049439034567e+00 6.118389941357471606e+00
6.156257260952462396e+00 5.995374391196341080e+00 6.111439625342518944e+00 6.005373301660086760e+00 6.221576813211667556e+00 6.500292578588039660e+00
6.664390210346311960e+00 6.463054443815115846e+00 6.549439932512036044e+00 6.629698020899320809e+00 6.690518632246694963e+00 6.930109499130010953e+00
7.132189706750875935e+00 6.849411870854077655e+00 6.973923121225142907e+00 7.267454526803392767e+00 7.063949046752688865e+00 7.264805869252989545e+00
7.492231792886118846e+00 7.197400845830059346e+00 7.321540868506034805e+00 7.667920160078610436e+00 7.405505480082929637e+00 7.686380069765131218e+00
7.855355385362533305e+00 7.600783310690456318e+00 7.757186594135535351e+00 8.243199153179077143e+00 7.817836827642082653e+00 7.650237575887035568e+00
6.559816553890243540e+00 6.362977782321848963e+00 6.154389996840042620e+00 6.620618357606158355e+00 6.305161557064141498e+00 6.079692055586092714e+00
6.656533288903792922e+00 6.196015134886727616e+00 6.181651595128263565e+00 6.698818836745120464e+00 6.181138997264075563e+00 6.181727719024877388e+00
