1.754766199352778813e+02 1.918565048657657144e+02 1.527873087509864058e+00 3.268106823240239578e+02 1.124679019480524467e+01 1.191754283284496072e-10
1.751116041104310170e+02 1.920936660030620828e+02 1.527882108679288198e+00 3.272514225676566753e+02 6.752555663635381400e+00 5.566564896643869471e-07
1.760406540231651320e+02 1.921663620881608097e+02 1.543232453212085131e+00 3.265075422836431471e+02 5.417429159387626925e+00 9.646432210796421284e-06
1.747340208675319673e+02 1.917860806146559867e+02 1.515387943760138745e+00 3.274057529286115482e+02 4.603691838886524224e+00 7.676667777892989418e-05
1.740926671069203167e+02 1.915211961038738764e+02 1.500072673817717694e+00 3.278158477979910685e+02 4.115386858439486595e+00 2.465519775651392616e-04
1.747407832735211173e+02 1.911820916437982874e+02 1.501773556235787677e+00 3.270647261743442300e+02 3.828040912096890125e+00 4.896683645568490791e-04
1.747122056026666712e+02 1.911857742454984077e+02 1.501437659924552248e+00 3.270915015483620891e+02 3.827569206233881083e+00 4.902190330565851014e-04
1.744751713083120137e+02 1.910997669670086339e+02 1.496016660854228242e+00 3.272489615974576509e+02 3.841543800696470612e+00 4.741625422246327384e-04
1.749825158730853332e+02 1.917540693053065866e+02 1.518286330788951366e+00 3.271748661948651602e+02 3.716880095000607120e+00 6.379482252677055832e-04
1.746743717436546035e+02 1.918663425772942617e+02 1.516348249562297745e+00 3.275011327379083355e+02 3.553517324152052570e+00 9.396204303695378105e-04
1.755079469145286737e+02 1.918369169836607853e+02 1.527893829727821506e+00 3.267732816956209945e+02 3.451214741832883792e+00 1.137546130761128834e-03
1.741527628002781398e+02 1.908734326471631846e+02 1.486173201325243776e+00 3.274037573138060111e+02 3.386041261939497726e+00 1.393950230412671501e-03
1.754289729742334316e+02 1.918947153702844162e+02 1.528033128568768273e+00 3.268722271991903199e+02 3.282046696784388651e+00 1.701957033686526477e-03
1.757025820446199873e+02 1.917093642742141242e+02 1.527905452519904506e+00 3.265376680188024920e+02 3.304248227375974345e+00 1.614680712760135049e-03
1.753288062732042363e+02 1.920854693141748442e+02 1.530876710794528028e+00 3.270623408118116799e+02 3.232140620151520150e+00 1.915206898492358232e-03
1.744724020623964975e+02 1.912175318891350173e+02 1.498651452909072646e+00 3.273171301234513066e+02 3.742402601709470478e+00 6.003937285278536677e-04
1.743167737222325968e+02 1.911936440026513537e+02 1.495842981396255045e+00 3.274392565581661643e+02 4.253208910505372309e+00 1.773189390683133570e-04
1.745129581510478260e+02 1.915213943592451642e+02 1.506152155485760424e+00 3.274506006654678458e+02 4.674679449034846002e+00 6.482385386472042424e-05
1.751894617170712536e+02 1.920437921541471269e+02 1.527888760600638829e+00 3.271578050660173176e+02 4.757368933984549741e+00 4.747968396662212632e-05
1.745791392436771616e+02 1.907479435630580156e+02 1.489565040929311079e+00 3.269604796416984414e+02 4.297637130581018816e+00 1.594449154264310968e-04
1.751385257226208410e+02 1.908346341113364701e+02 1.499805058467570618e+00 3.265255451513032767e+02 3.895413773312037531e+00 4.170026069548302843e-04
1.745373661407192003e+02 1.911697515411067343e+02 1.498514369180358852e+00 3.272340475601607750e+02 3.487645137263401640e+00 1.097687655703107881e-03
1.742890207770419408e+02 1.909544761557650645e+02 1.489999865413481395e+00 3.273299003565033445e+02 3.429684582187919606e+00 1.258159083101705435e-03
1.742002237453875182e+02 1.906452758367190086e+02 1.481680142340339845e+00 3.272336804076294925e+02 3.554265641504452677e+00 9.379599877893854800e-04
1.738548081415843285e+02 1.908341229275387150e+02 1.480958173444394399e+00 3.276438520034584485e+02 3.496741325280596335e+00 1.074398038559887117e-03
1.741877877874117644e+02 1.907624544469190937e+02 1.484160169332915169e+00 3.273106835807056427e+02 3.434612677848975171e+00 1.243665062591394442e-03
1.751127552073025413e+02 1.911192907998088799e+02 1.505839902468812719e+00 3.267089256551612948e+02 3.497500581622039029e+00 1.072476143532648599e-03
1.743129712193404544e+02 1.905734834158477611e+02 1.481702123768406931e+00 3.270941283680656966e+02 3.566887047011286338e+00 9.103853563100285659e-04
1.742449039146864607e+02 1.915104533617856930e+02 1.502020952887559435e+00 3.276772530175992983e+02 3.584006817360266606e+00 8.742540617810827270e-04
1.747516095514405947e+02 1.915608573383754560e+02 1.510524929537878869e+00 3.272663233094647239e+02 3.718834562470944238e+00 6.349920611213553945e-04
1.747231063109805973e+02 1.912081267413797150e+02 1.502104241937280982e+00 3.270945834779334973e+02 3.870002431180620039e+00 4.430593649245107360e-04
1.750355494823987215e+02 1.921428232739220903e+02 1.527889514183174979e+00 3.273431121877271153e+02 4.020621895419603575e+00 2.867858184675525887e-04
1.754001833688719216e+02 1.919072239651969198e+02 1.527891380856160941e+00 3.269035599596203951e+02 3.941909116722101203e+00 3.474185597712621120e-04
1.754773591015102738e+02 1.918817046895806868e+02 1.528453453692924624e+00 3.268240180655190557e+02 3.715193272027425220e+00 6.024770485950696171e-04
1.741111079263976649e+02 1.899325034257964830e+02 1.464219255589611191e+00 3.269052825094466357e+02 3.674133386012389035e+00 7.525929490248474841e-04
1.746306450964461305e+02 1.909012270945404737e+02 1.493793062880325317e+00 3.270023138750842122e+02 3.774050698721302943e+00 5.568505784309193832e-04
1.745304134464535650e+02 1.908659703285636340e+02 1.491521871962955270e+00 3.270695884100575768e+02 4.074046341141490224e+00 2.721675447597076921e-04
1.742564776453124011e+02 1.908605423261166436e+02 1.487390728823983821e+00 3.273056553358786687e+02 4.893235040796803048e+00 3.857675783573289965e-05
1.750887707604204877e+02 1.912285468232528842e+02 1.507951809227699780e+00 3.267910152556790990e+02 6.049523300649084057e+00 2.642138818963412807e-06
