9.025105180956597906e+01 1.425025881991568895e+02 1.465714101230463307e+00 9.210864166732164904e+01 7.798550540456954394e+00 6.182344576065435042e-08
8.336586166085908189e+01 1.472883161518839188e+02 1.652337699729684140e+00 8.738856046321328108e+01 8.224627719388742264e+00 1.329203543737813348e-08
8.875004366983193904e+01 1.542101372646866366e+02 1.527910031729361240e+00 8.011973642670034224e+01 9.089931456481487038e-01 1.866023931245890943e-01
9.479392949509201571e+01 1.447803716570488177e+02 1.342085253200896888e+00 8.967682131946233426e+01 3.736408450119819147e-01 3.564040784414912455e-01
9.498935124718991574e+01 1.451421745942243433e+02 1.336899956918765175e+00 8.925689055204736633e+01 -1.572668775312962008e-01 5.616074073422955282e-01
9.455498394265305251e+01 1.469368773176975083e+02 1.350119604709886900e+00 8.720668527054402830e+01 1.328340170329598724e+00 9.990082183136989036e-02
9.484222452342510223e+01 1.449066803008317947e+02 1.340804899854795007e+00 8.953077753266543937e+01 3.410447453920196548e+00 1.467144342248953657e-03
9.498224861195194535e+01 1.444353697580008884e+02 1.336980426268838729e+00 9.007478203046207454e+01 6.271354195990481273e+00 2.535598496151931841e-06
9.549905575619777665e+01 1.424386223062756471e+02 1.324195673975304466e+00 9.240890546973071196e+01 6.839170737251821564e+00 1.058644052670363093e-06
9.481915401820151601e+01 1.441766969807249552e+02 1.341411244213940757e+00 9.037285268920675207e+01 4.362320576508440517e+00 1.676303452843152381e-04
9.292713665142400714e+01 1.500709600686868725e+02 1.400567799184364359e+00 8.383474965871096174e+01 3.348495947813338702e+00 1.599621507347176496e-03
9.501338870685994209e+01 1.428395387555041793e+02 1.336890441738525004e+00 9.192176710739545342e+01 4.007036891924268041e+00 4.133850073180908493e-04
9.045570285101712216e+01 1.549895669961551903e+02 1.486427140528188806e+00 7.901591703326442939e+01 8.440827323516902903e-01 2.040681238134369191e-01
9.059514595848486351e+01 1.548223627411139205e+02 1.481875626579174599e+00 7.915953393301003871e+01 1.592448400220678240e+00 6.311282162184234101e-02
9.000000000000000000e+01 1.595000000000000000e+02 1.526216645827190632e+00 7.461153216724102322e+01 -2.385676803428684878e-01 5.931232777319824789e-01
9.675000000000000000e+01 1.305000000000000000e+02 1.343521329380371165e+00 1.063408056311466510e+02 -1.257535699071695490e+00 8.881013174076374250e-01
9.320191991678439081e+01 1.368037826940999366e+02 1.400549308443230778e+00 9.853240989647196102e+01 4.508735852052546456e+00 1.201862283114765132e-04
9.354468897683545947e+01 1.456093664006330073e+02 1.376119416597946010e+00 8.875279001073127461e+01 5.570734932741848944e+00 1.129360330343895998e-05
8.797273991587712771e+01 1.471238554651770301e+02 1.527879341387150758e+00 8.734237936141892078e+01 8.642437731359732922e+00 1.167845308067993709e-08
9.469434384747000877e+01 1.469781322059716331e+02 1.346416264758578007e+00 8.715153797989893292e+01 5.898062337718158687e+00 5.577848670551117680e-06
9.546175537470935524e+01 1.440440607001442004e+02 1.324089832218031448e+00 9.053269942840125850e+01 5.381198626231550541e+00 2.049642186001286650e-05
9.675000000000000000e+01 1.558750000000000000e+02 1.325326875953626748e+00 7.660074327736282385e+01 -4.954940777182608724e-01 6.868768579003604602e-01
9.426925986445712624e+01 1.482832705553209962e+02 1.360071338125524276e+00 8.569273840641412221e+01 -5.742396637465095877e-01 7.137289530873243137e-01
8.018380925244505875e+01 1.469078155222624673e+02 1.737753638055081762e+00 8.785600999209160022e+01 1.192949167956274037e+00 1.220443196468033453e-01
9.675000000000000000e+01 1.305000000000000000e+02 1.343521329380371165e+00 1.063408056311466510e+02 -1.132670513136997625e+00 8.642776911851017818e-01
8.100000000000000000e+01 1.558750000000000000e+02 1.741791036727712516e+00 7.984410236253779658e+01 -2.731311541372059559e-01 6.065019779212305062e-01
8.557643310609273612e+01 1.461641144335735589e+02 1.591570649704960427e+00 8.838228740864738597e+01 2.642630607788234887e+00 7.274258948357084295e-03
9.562157447542995214e+01 1.414530549822375178e+02 1.322279166933711503e+00 9.356704379210475508e+01 2.943281490453732552e+00 4.346139913196369817e-03
9.618542552978033200e+01 1.401251056934124790e+02 1.309830584804418052e+00 9.517403377512391671e+01 3.746454784364579904e+00 7.387841096249511859e-04
9.490373652394919191e+01 1.491239628174989775e+02 1.344906394196713428e+00 8.467359244540637064e+01 3.720589710156609442e+00 7.250261778683816244e-04
9.499413160341930507e+01 1.454422813620195996e+02 1.336900549031760477e+00 8.890957923596278079e+01 3.799121399227478602e+00 6.569801591166154336e-04
9.036044870390378492e+01 1.413591537169950243e+02 1.464225690564414428e+00 9.332022984623972661e+01 5.091000703720371057e+00 2.418132394822021595e-05
9.027973725177540132e+01 1.455608933212590728e+02 1.464227298002112043e+00 8.887907303411071780e+01 9.263937086446938807e+00 3.631432098153357734e-09
8.792790726106613874e+01 1.431158568011596799e+02 1.527903622231672642e+00 9.140156993519286743e+01 2.997300828362065572e-01 3.835983177270020916e-01
9.675000000000000000e+01 1.558750000000000000e+02 1.325326875953626748e+00 7.660074327736282385e+01 -1.144786927526931786e-01 5.449371777885327894e-01
9.675000000000000000e+01 1.558750000000000000e+02 1.325326875953626748e+00 7.660074327736282385e+01 3.603169575103237765e-01 3.614017654259665813e-01
9.675000000000000000e+01 1.558750000000000000e+02 1.325326875953626748e+00 7.660074327736282385e+01 -2.330917464017877860e-01 5.908398889953230260e-01
8.382949001832457725e+01 1.407127443069621222e+02 1.641292243785739569e+00 9.357195898142913393e+01 5.051629752237505322e+00 2.052134624447553019e-05
9.050163203201009310e+01 1.411882675771885260e+02 1.460695337338786981e+00 9.350956754944360227e+01 1.242031367170853784e+01 3.690900700592082347e-11
