9.017930828045598446e+01 1.424781338263424857e+02 1.467674277031333130e+00 9.213161766583448298e+01 8.844123491713320462e+00 7.950797702671910401e-09
8.319372162537183613e+01 1.447344637791393325e+02 1.655281621503940093e+00 8.978087530586580556e+01 1.230368176304309635e+01 3.718622006387918946e-12
8.566676720726536587e+01 1.424125313005060889e+02 1.589496858089653353e+00 9.203206569997331599e+01 9.343836269959252760e+00 2.044648362496826585e-09
8.438484106200485257e+01 1.461232962199119356e+02 1.623700943107621919e+00 8.845321167451325550e+01 6.594210692647107130e+00 4.981873360425991537e-07
8.448066489773191279e+01 1.461093894337318488e+02 1.621104535562403415e+00 8.846400945628406021e+01 6.686411976830511250e+00 4.021669908072375335e-07
8.523563407283654669e+01 1.484277107965972391e+02 1.603648170279244889e+00 8.620830103915281484e+01 5.001790014458977751e+00 2.321840976896440649e-05
9.385464219113964646e+01 1.443789982590697036e+02 1.367428563643240391e+00 9.013689064856976074e+01 1.913552575153442570e+00 3.543278437385433827e-02
9.433088206729735248e+01 1.441132546536609880e+02 1.354606431880854611e+00 9.044167484065320650e+01 4.474688041380965764e+00 1.298420952964354509e-04
9.502880339306881297e+01 1.424346883386381819e+02 1.336885800492908061e+00 9.239058228934948147e+01 5.595834593047300132e+00 1.302775768223859947e-05
9.487439806427573785e+01 1.441540644123888342e+02 1.339923806926391237e+00 9.039939723323493581e+01 4.219508114747887007e+00 2.320968976850000867e-04
9.290836517448769882e+01 1.499043080649862532e+02 1.400595775839867718e+00 8.401998254088604767e+01 4.850088156674936535e+00 4.854455080323474305e-05
9.587627186854297179e+01 1.440852779455372001e+02 1.312888411583694737e+00 9.048867596389629853e+01 9.146906513529343030e+00 1.729294117160573757e-08
9.490573588720872067e+01 1.446146211038430920e+02 1.339048707320400489e+00 8.986757956957941929e+01 4.710310729272839225e+00 7.616819749041905800e-05
8.977516892742278287e+01 1.511089805916453770e+02 1.488306460148279831e+00 8.311388072334960953e+01 5.252921961586482169e+00 1.653329551438433462e-05
9.498840760339473377e+01 1.439310915689704302e+02 1.336901241165703080e+00 9.065832295057714418e+01 3.858638540113789261e+00 5.753723078616133652e-04
9.425302401906810701e+01 1.424841994297457859e+02 1.357759651921142785e+00 9.229735144656012835e+01 6.641398520555038765e+00 1.181464446316924180e-06
9.264625389335213868e+01 1.430961804164366526e+02 1.400564120434293569e+00 9.155077118719157170e+01 1.186481421263482439e+01 8.302277145949685747e-11
9.354889834621280897e+01 1.451069275890040444e+02 1.375777342118682967e+00 8.931752712772575364e+01 1.357596447315093258e+01 1.569400102567191114e-11
9.036962361665064236e+01 1.477977723461735877e+02 1.464229927450205526e+00 8.651369151531383750e+01 1.289821245724800214e+01 9.510248133270878698e-12
9.372288889290211955e+01 1.464286807538228459e+02 1.371970621083432595e+00 8.782476458932879382e+01 7.782040435537643575e+00 1.259920844763748710e-07
9.498535133292898536e+01 1.444661535571794957e+02 1.336895826349820071e+00 9.003916533945618994e+01 6.104447494945385522e+00 4.553018892826979224e-06
9.900000000000000000e+01 1.377500000000000000e+02 1.241944971607035431e+00 9.843837797782390453e+01 2.015934266701747912e+00 2.994673598769360609e-02
9.564333458881446859e+01 1.445048861793111428e+02 1.319129972699043751e+00 8.999426982072594683e+01 1.471908247304448469e+00 7.915721486120867734e-02
9.513149270487701870e+01 1.407593631750605709e+02 1.336770484376068824e+00 9.433300449914435148e+01 1.532412450956681660e+00 7.140403495466075834e-02
9.578412532975198701e+01 1.436095392894058023e+02 1.315548329482754131e+00 9.104717322594621010e+01 1.486934611354514102e+00 7.716973820985510713e-02
9.490291936998255551e+01 1.444498443680931814e+02 1.339121861736687569e+00 9.005794101207106905e+01 1.203000375771222430e+00 1.218764791619470628e-01
9.488317113331868313e+01 1.454454316539267893e+02 1.339897558153080315e+00 8.890838067786819465e+01 1.644948692520237898e+00 5.821188763551878725e-02
9.489166004746221006e+01 1.443261223448207602e+02 1.339433406169246554e+00 9.020082137412168777e+01 3.570675896239718039e+00 1.020035853782410087e-03
9.463638504780828953e+01 1.447395088756456971e+02 1.346333134398326026e+00 8.972479447770663796e+01 3.333024559808033693e+00 1.747605157911989206e-03
9.182255397539120167e+01 1.501440954936551861e+02 1.430431647582940391e+00 8.388440673034131123e+01 3.351946401426397770e+00 1.586972721795615543e-03
9.364780082734068856e+01 1.464490128316392656e+02 1.374017455398326426e+00 8.780509830951683625e+01 2.838608668385199874e+00 5.250318201538753046e-03
9.048029051686171442e+01 1.492774065449484624e+02 1.464224868081769992e+00 8.494601258806343935e+01 2.469372794008034777e+00 1.133273197966201511e-02
8.779742761293891817e+01 1.511307390398578718e+02 1.541401698103849638e+00 8.333018447876506229e+01 3.098585716450043659e+00 2.621209723751986072e-03
8.628418683190830052e+01 1.537488851857488044e+02 1.591540136666670602e+00 8.097272894928522646e+01 1.497448743442452990e-01 4.411651184322847308e-01
9.675000000000000000e+01 1.558750000000000000e+02 1.325326875953626748e+00 7.660074327736282385e+01 -3.606369623676716762e-01 6.387158218538773191e-01
9.218014364002738148e+01 1.547585672315326519e+02 1.439534459950305934e+00 7.890651756906567016e+01 7.914208101425367348e-01 2.189921569329072448e-01
9.734225746836091275e+01 1.442501199274320243e+02 1.273276923144733619e+00 9.030359679621460600e+01 4.759550387805018268e+00 7.832236448654508526e-05
9.590827849882043665e+01 1.468926436287711113e+02 1.313565995108444628e+00 8.718104759733409992e+01 5.980292388202014031e+00 5.867223092072588008e-06
9.736017429418279789e+01 1.432273648317714105e+02 1.273239034023033067e+00 9.154644010265803900e+01 1.164539163079419026e+01 7.949845935074942141e-10
