9.018185714453284163e+01 1.458964093745235004e+02 1.467074411594577077e+00 8.852736598539866009e+01 3.217410737997785208e+00 2.066516634627403592e-03
8.320693308673814670e+01 1.433440422130542515e+02 1.655207091405266340e+00 9.108044278183825782e+01 3.443397487285452030e+00 1.106400532977739421e-03
9.126622617628891021e+01 1.523074970160378143e+02 1.452688245456863703e+00 8.165623816627856968e+01 4.451115655435029517e-01 3.305096366515029027e-01
9.941174481799680507e+01 1.416209368391937460e+02 1.219862199213560316e+00 9.365360154565451012e+01 2.580276906943888449e+00 9.728518297948870672e-03
9.983373002265767582e+01 1.468156253764835526e+02 1.207608857305937144e+00 8.703228209282661965e+01 2.144453930345354919e+00 2.384922976437675243e-02
8.619771923862572294e+01 1.531879464340599952e+02 1.591543245706758647e+00 8.152440598869588939e+01 2.515346913750138746e+00 9.847547141801122825e-03
9.064266586303710938e+01 1.508865041732788086e+02 1.464336200989383663e+00 8.323733859056383722e+01 1.604654326751949744e+00 6.175219063636819272e-02
9.424419676691468339e+01 1.429503168000228470e+02 1.357551643458943857e+00 9.176620758393369215e+01 2.249502009488680621e+00 1.826515136448647603e-02
9.074558231173432432e+01 1.516697710340231424e+02 1.464222481207092086e+00 8.240272242422071258e+01 1.837277352136419850e+00 4.053724712245904138e-02
9.000000000000000000e+01 1.595000000000000000e+02 1.526216645827190632e+00 7.461153216724102322e+01 2.252580985696312155e+00 1.755422348173733132e-02
8.746569578584967530e+01 1.505653018115372106e+02 1.548609412613315639e+00 8.392970646595549056e+01 9.057647244249690255e-01 1.874369723306196223e-01
9.593517448775673984e+01 1.416227425764300278e+02 1.313549552492578654e+00 9.339056565003579635e+01 3.141758940140252587e+00 2.819660292199687932e-03
9.730967901129042730e+01 1.399072959576005815e+02 1.280158618392532421e+00 9.555869157234275235e+01 1.589252640010806461e+00 6.470663422377602447e-02
9.126218725926446496e+01 1.543997693329929461e+02 1.462061876527297244e+00 7.946595504876722771e+01 2.713334530097839981e+00 6.690734965026060195e-03
8.640212964297097642e+01 1.513975641639699461e+02 1.579658976172988005e+00 8.322935510604474985e+01 1.532699508276194500e+00 6.980263552115978376e-02
9.269312052759778453e+01 1.418986373117613766e+02 1.400548024724339147e+00 9.287456084678103707e+01 6.403592059702131190e-01 2.647933998803078670e-01
9.339360809326171875e+01 1.356237087249755859e+02 1.400530325177623769e+00 9.985299090419823642e+01 1.851960331204138610e+00 3.981760267092025046e-02
8.881516223657123987e+01 1.545721461614256782e+02 1.527887341655663755e+00 7.974732267164412747e+01 2.540065246736605609e+00 9.525359165747041695e-03
9.191567346774809266e+01 1.504852005227139671e+02 1.428943981458192347e+00 8.350648262075836215e+01 5.388102978307472313e+00 1.417617630397231930e-05
9.826320036873221397e+01 1.485301783932372928e+02 1.253126976798042413e+00 8.501846845870775837e+01 3.552362679575767901e-01 3.633909059043896606e-01
8.862217004681588151e+01 1.436406514584814431e+02 1.508879813828964300e+00 9.088108581483669468e+01 2.426486427018853309e+00 1.216711731800650641e-02
9.675000000000000000e+01 1.558750000000000000e+02 1.325326875953626748e+00 7.660074327736282385e+01 -9.455511291906000260e-01 8.215506999596027260e-01
9.506250000000000000e+01 1.472656250000000000e+02 1.336899509713525669e+00 8.679810565553918877e+01 2.416481868771929165e+00 1.325679098062947092e-02
8.950347751018853160e+01 1.451156717722369649e+02 1.484999150163335280e+00 8.935861543545541963e+01 2.020812707169472588e+00 2.811643554750156010e-02
9.858749801049395955e+01 1.398891364678183606e+02 1.245873127632253663e+00 9.573482592149321135e+01 1.274887252428285267e+00 1.097494368701971562e-01
9.476387218153104186e+01 1.444281738686840981e+02 1.342876851416180184e+00 9.008274329954400628e+01 7.425308249834632335e-01 2.334237063516912403e-01
8.375143406353890896e+01 1.527895116005092859e+02 1.655411432197298582e+00 8.222963371322936155e+01 3.740294402734203771e+00 5.064327044230543034e-04
9.190788614708253590e+01 1.424369834979206644e+02 1.421079146791562664e+00 9.224637419171472175e+01 2.998189444510960477e+00 3.552396664985640971e-03
9.554042617764207534e+01 1.371067287776022567e+02 1.336895485549713936e+00 9.858722208987614977e+01 1.337618622402552582e+00 9.883879214941711233e-02
8.086378025828014415e+01 1.463067215708409776e+02 1.718870280901201975e+00 8.837372929371042574e+01 3.618726914113317594e+00 6.860696254892480498e-04
9.186008532776031643e+01 1.374558683730429038e+02 1.433946692440231097e+00 9.762188693218843127e+01 1.298766702869824208e+00 1.043997286201687330e-01
9.823729205323616043e+01 1.406664589092251845e+02 1.253374253778799519e+00 9.473696980439945037e+01 8.015259878676302963e-01 2.169441787598175297e-01
9.014559037542858277e+01 1.511251469702847317e+02 1.478430461919632011e+00 8.305061512777561461e+01 2.071100302959550721e+00 2.543112217426475585e-02
8.681007817423960660e+01 1.544770077313951333e+02 1.580749758695780827e+00 8.018820784841707905e+01 5.982736476607558584e-01 2.778836420784437378e-01
9.416142710062558763e+01 1.451357826234598178e+02 1.359249869175846559e+00 8.927638544127222531e+01 9.398536926911025269e-01 1.795443267726736791e-01
9.088610879126292730e+01 1.549594827674326609e+02 1.474864987180857678e+00 7.896087613872097677e+01 1.819008198465131843e+00 4.160011133830974345e-02
9.299895113827915338e+01 1.545394268685968200e+02 1.416702150644444158e+00 7.896930391273821215e+01 2.042324485784463128e+00 2.726350016419036917e-02
9.262839582189917564e+01 1.448274072147905827e+02 1.400561211013294782e+00 8.963836085708408064e+01 -2.372855834909288752e-01 5.925124925194000802e-01
9.283336820299155079e+01 1.491204286779684480e+02 1.400566074328928545e+00 8.488976331460611391e+01 2.611198195930720001e+00 8.358411323698007253e-03
