8.242212447446581791e+01 1.430204499405217575e+02 1.676578625637842546e+00 9.136531618066112514e+01 1.413430782805901398e+00 8.518446911906221719e-02
8.319962385502623192e+01 1.454104372789594777e+02 1.655292691164617747e+00 8.914910181869657890e+01 5.047233632121455926e+00 1.844044206529620329e-05
8.491387908181422972e+01 1.441097501368094527e+02 1.608859768796709888e+00 9.037524426967922864e+01 7.514616392393207001e+00 6.169615957545764713e-08
8.569977731103426777e+01 1.442439643605321180e+02 1.587621063194093907e+00 9.024948321898756376e+01 1.145500061708123418e+01 4.827344158668194104e-11
8.545646748015496996e+01 1.430497866580635673e+02 1.594656172814379547e+00 9.140700255069339164e+01 1.220972503943666965e+01 7.814227629331310102e-12
8.598816196396364830e+01 1.422634893032300170e+02 1.580973275314795812e+00 9.218896340703599890e+01 9.406201568960819159e+00 1.816615890665183671e-09
8.633235048752976581e+01 1.437107978146377718e+02 1.570671083751599806e+00 9.077732520518242154e+01 1.073694634866584963e+01 1.630037764704762550e-10
8.620342366011027480e+01 1.431519517624765285e+02 1.574428329986916841e+00 9.132466976791647539e+01 1.056818042663525858e+01 2.187746994842391976e-10
8.612864958326099440e+01 1.423412304224330001e+02 1.577103913864034590e+00 9.211802602925990868e+01 9.532420598991093286e+00 1.432094493603566542e-09
8.689679646946024150e+01 1.411913693247770425e+02 1.557849951847711800e+00 9.328736075838571651e+01 1.017676639955630336e+01 4.383873535176580944e-10
8.611270972562851966e+01 1.448241552185909313e+02 1.576481132477046687e+00 8.968190791131598871e+01 1.192769903050837677e+01 2.232224596521588661e-11
8.620760270037905570e+01 1.431865626656609436e+02 1.574294198272399914e+00 9.129076325696797767e+01 9.431960814154496830e+00 1.730266521316847205e-09
8.620962252479148447e+01 1.432249450315021022e+02 1.574216672581117527e+00 9.125309910509793099e+01 9.751337424168943002e+00 9.524655708754813783e-10
8.571252529714547563e+01 1.447350172897313314e+02 1.587274500703188096e+00 8.977094734638731666e+01 1.315908211976404196e+01 3.317263327306835319e-12
8.598723609815351665e+01 1.441514067923999391e+02 1.579872661420343771e+00 9.034133891375648773e+01 1.101598428434805221e+01 1.009087522209437226e-10
8.651751303518540226e+01 1.403713457151025068e+02 1.569490882236788121e+00 9.407288301266726194e+01 1.717754227051981530e+01 1.559603413442157205e-14
9.264634227762599039e+01 1.430768052927824101e+02 1.400575989878160010e+00 9.157216650533143820e+01 1.991986877849270954e+01 5.829984050218239339e-15
9.487705974876007531e+01 1.441716731785127195e+02 1.339848713216757137e+00 9.037908811077772953e+01 1.918872057521394581e+01 3.375861125028492580e-14
9.268306650414888281e+01 1.469071135441045044e+02 1.400565967654744393e+00 8.734028323142746331e+01 1.655877671392710582e+01 1.917797049332952982e-13
9.356256156981544336e+01 1.461996003311724053e+02 1.376076204124799585e+00 8.808895353464450295e+01 1.773617577842542303e+01 1.396928159881828701e-13
9.379712622371152975e+01 1.455797032048867550e+02 1.369287948390250254e+00 8.878008712544715308e+01 1.757202211347810206e+01 1.650823969671658226e-13
8.651638006808389036e+01 1.416663733898221835e+02 1.567426072613134158e+00 9.279778641130548067e+01 1.813357538357853116e+01 5.108076142335417061e-15
8.704953181237215176e+01 1.469547093433211558e+02 1.552577920734310890e+00 8.755338824807631681e+01 8.854882140207848806e+00 5.256217541333054572e-09
8.542804570231237449e+01 1.441872835186150041e+02 1.594965114668752459e+00 9.030331089276137391e+01 1.469674559265293468e+01 1.753396743609344681e-13
8.643621272849605930e+01 1.472702744852003889e+02 1.569505567273226099e+00 8.726843922842920165e+01 1.254197264319960148e+01 8.470914355127709164e-12
8.446007911110140753e+01 1.428471924100414299e+02 1.621691987899429144e+00 9.157686731162931437e+01 8.914948286973054081e+00 3.186541791380459340e-09
8.432933639175098506e+01 1.447049875605971465e+02 1.624617345056890150e+00 8.980480726099025901e+01 7.692082907259947255e+00 4.177219132581509744e-08
9.389992350763623108e+01 1.445236578672006544e+02 1.366202214619243849e+00 8.997321158507907057e+01 3.896550238994480608e+00 4.852129242838749165e-04
9.396878034043038497e+01 1.447422269176495320e+02 1.364358606124156825e+00 8.972534852994073162e+01 5.487986588353666484e+00 1.352510356952117432e-05
9.449464388555497862e+01 1.474300924181370647e+02 1.352460449908805762e+00 8.664655550016664165e+01 7.510767051036354225e+00 2.111648199370993937e-07
9.499306820771846560e+01 1.453650917560522657e+02 1.336891218895588374e+00 8.899890660348552274e+01 8.632462239384750546e+00 4.078245450466886723e-08
9.313092353940010071e+01 1.408996192514896393e+02 1.390367551601003449e+00 9.400921800960588826e+01 8.043568031469687796e+00 7.729600233831096784e-08
9.276735111895686714e+01 1.406824736293856404e+02 1.400579416189988713e+00 9.422039893369162655e+01 1.491496426235652706e+01 1.336201780690941541e-12
9.499623115653230343e+01 1.455455808277656615e+02 1.336899858995685308e+00 8.879002217416183385e+01 1.269872023318879606e+01 1.009220318063058713e-10
9.486078087938949466e+01 1.470039742820663378e+02 1.341963006337220543e+00 8.711224994624814144e+01 1.468487954059041378e+01 3.995690474932314354e-12
9.466302979630199843e+01 1.467115404389232936e+02 1.346922409767471907e+00 8.745913810751230244e+01 1.212279181328956312e+01 1.090587366209276924e-10
9.465220612997654825e+01 1.460856519053922966e+02 1.346571193994556159e+00 8.817804299106583699e+01 1.483163157651063102e+01 3.355922623141878101e-12
9.427005916673806496e+01 1.448238340440730099e+02 1.356236587079923561e+00 8.963061738434691961e+01 1.414130643570805290e+01 7.726225523180159161e-12
9.357754488734281040e+01 1.447417277562017262e+02 1.374921778883928303e+00 8.972802025822571181e+01 1.381880294896534700e+01 1.154137880977496370e-11
