9.025105180956597906e+01 1.425025881991568895e+02 1.465714101230463307e+00 9.210864166732164904e+01 7.798550540456836266e+00 6.182344576066916026e-08
8.336586166085908189e+01 1.472883161518839188e+02 1.652337699729684140e+00 8.738856046321328108e+01 8.224627719388529101e+00 1.329203543738416197e-08
8.875004366983193904e+01 1.542101372646866366e+02 1.527910031729361240e+00 8.011973642670034224e+01 9.089931456481438188e-01 1.866023931245903156e-01
9.479392949509201571e+01 1.447803716570488177e+02 1.342085253200896888e+00 8.967682131946233426e+01 3.736408450119947933e-01 3.564040784414865826e-01
9.498935124718991574e+01 1.451421745942243433e+02 1.336899956918765175e+00 8.925689055204736633e+01 -1.572668775312397738e-01 5.616074073422736568e-01
9.455498394265305251e+01 1.469368773176975083e+02 1.350119604709886900e+00 8.720668527054402830e+01 1.328340170329544767e+00 9.990082183137856398e-02
9.484222452342510223e+01 1.449066803008317947e+02 1.340804899854795007e+00 8.953077753266543937e+01 3.410447453920177452e+00 1.467144342249017842e-03
9.498224861195194535e+01 1.444353697580008884e+02 1.336980426268838729e+00 9.007478203046207454e+01 6.271354195990607394e+00 2.535598496151269461e-06
9.549905575619777665e+01 1.424386223062756471e+02 1.324195673975304466e+00 9.240890546973071196e+01 6.839170737251893506e+00 1.058644052670209780e-06
9.481915401820151601e+01 1.441766969807249552e+02 1.341411244213940757e+00 9.037285268920675207e+01 4.362320576508500025e+00 1.676303452842925511e-04
9.292713665142400714e+01 1.500709600686868725e+02 1.400567799184364359e+00 8.383474965871096174e+01 3.348495947813277418e+00 1.599621507347398974e-03
9.501338870685994209e+01 1.428395387555041793e+02 1.336890441738525004e+00 9.192176710739545342e+01 4.007036891924142807e+00 4.133850073182062084e-04
9.045570285101712216e+01 1.549895669961551903e+02 1.486427140528188806e+00 7.901591703326442939e+01 8.440827323517078318e-01 2.040681238134322006e-01
9.059514595848486351e+01 1.548223627411139205e+02 1.481875626579174599e+00 7.915953393301003871e+01 1.592448400220667137e+00 6.311282162184359001e-02
9.000000000000000000e+01 1.595000000000000000e+02 1.526216645827190632e+00 7.461153216724102322e+01 -2.385676803428543324e-01 5.931232777319770388e-01
9.675000000000000000e+01 1.305000000000000000e+02 1.343521329380371165e+00 1.063408056311466510e+02 -1.257535699071674173e+00 8.881013174076338723e-01
9.320191991678439081e+01 1.368037826940999366e+02 1.400549308443230778e+00 9.853240989647196102e+01 4.508735852052402571e+00 1.201862283115158833e-04
9.354468897683545947e+01 1.456093664006330073e+02 1.376119416597946010e+00 8.875279001073127461e+01 5.570734932741838286e+00 1.129360330343920393e-05
8.797273991587712771e+01 1.471238554651770301e+02 1.527879341387150758e+00 8.734237936141892078e+01 8.642437731359725817e+00 1.167845308068008433e-08
9.469434384747000877e+01 1.469781322059716331e+02 1.346416264758578007e+00 8.715153797989893292e+01 5.898062337718274151e+00 5.577848670549736170e-06
9.546175537470935524e+01 1.440440607001442004e+02 1.324089832218031448e+00 9.053269942840125850e+01 5.381198626231751270e+00 2.049642186000409462e-05
9.675000000000000000e+01 1.558750000000000000e+02 1.325326875953626748e+00 7.660074327736282385e+01 -4.954940777182608724e-01 6.868768579003604602e-01
9.426925986445712624e+01 1.482832705553209962e+02 1.360071338125524276e+00 8.569273840641412221e+01 -5.742396637463912379e-01 7.137289530872852339e-01
8.018380925244505875e+01 1.469078155222624673e+02 1.737753638055081762e+00 8.785600999209160022e+01 1.192949167956032674e+00 1.220443196468497526e-01
9.675000000000000000e+01 1.305000000000000000e+02 1.343521329380371165e+00 1.063408056311466510e+02 -1.132670513137018720e+00 8.642776911851061117e-01
8.100000000000000000e+01 1.558750000000000000e+02 1.741791036727712516e+00 7.984410236253779658e+01 -2.731311541373061536e-01 6.065019779212685869e-01
8.557643310609273612e+01 1.461641144335735589e+02 1.591570649704960427e+00 8.838228740864738597e+01 2.642630607788168717e+00 7.274258948358167630e-03
9.562157447542995214e+01 1.414530549822375178e+02 1.322279166933711503e+00 9.356704379210475508e+01 2.943281490453845350e+00 4.346139913195305564e-03
9.618542552978033200e+01 1.401251056934124790e+02 1.309830584804418052e+00 9.517403377512391671e+01 3.746454784364718460e+00 7.387841096247235034e-04
9.490373652394919191e+01 1.491239628174989775e+02 1.344906394196713428e+00 8.467359244540637064e+01 3.720589710156624985e+00 7.250261778683562541e-04
9.499413160341930507e+01 1.454422813620195996e+02 1.336900549031760477e+00 8.890957923596278079e+01 3.799121399227451512e+00 6.569801591166560912e-04
9.036044870390378492e+01 1.413591537169950243e+02 1.464225690564414428e+00 9.332022984623972661e+01 5.091000703720361287e+00 2.418132394822079193e-05
9.027973725177540132e+01 1.455608933212590728e+02 1.464227298002112043e+00 8.887907303411071780e+01 9.263937086447390001e+00 3.631432098150346383e-09
8.792790726106613874e+01 1.431158568011596799e+02 1.527903622231672642e+00 9.140156993519286743e+01 2.997300828363064218e-01 3.835983177269645106e-01
9.675000000000000000e+01 1.558750000000000000e+02 1.325326875953626748e+00 7.660074327736282385e+01 -1.144786927526757481e-01 5.449371777885259061e-01
9.675000000000000000e+01 1.558750000000000000e+02 1.325326875953626748e+00 7.660074327736282385e+01 3.603169575103443156e-01 3.614017654259590873e-01
9.675000000000000000e+01 1.558750000000000000e+02 1.325326875953626748e+00 7.660074327736282385e+01 -2.330917464017739360e-01 5.908398889953176969e-01
8.382949001832457725e+01 1.407127443069621222e+02 1.641292243785739569e+00 9.357195898142913393e+01 5.051629752238522286e+00 2.052134624442385102e-05
9.050163203201009310e+01 1.411882675771885260e+02 1.460695337338786981e+00 9.350956754944360227e+01 1.242031367170832290e+01 3.690900700593228767e-11
