9.080020341515773907e+01 1.482378213957999833e+02 1.453402617249399897e+00 8.601829919206937802e+01 1.935322019733548782e+00 3.360892538148460562e-02
8.320499025285243988e+01 1.434494512230157852e+02 1.655208320771573538e+00 9.098190894366160819e+01 3.468684204057379095e+00 1.040426027000220530e-03
9.136678445923462277e+01 1.522407016246361309e+02 1.449740871102523032e+00 8.171118858574115507e+01 4.512261900864525388e-01 3.283405076507482367e-01
9.498485409768272802e+01 1.443680401305036867e+02 1.336913687012501128e+00 9.015269521173013345e+01 2.056889075535113687e+00 2.684565399152078272e-02
9.507841175235807896e+01 1.414574119565077126e+02 1.336909226509427784e+00 9.352290807968137187e+01 2.260266285243387185e-01 4.117971870136736823e-01
8.804289150534896180e+01 1.483518285594764166e+02 1.527885528036017959e+00 8.609700081511496705e+01 1.651443540550712630e+00 5.676208495730892395e-02
9.042071519265300594e+01 1.509845063826360274e+02 1.470600022436806764e+00 8.316245697270244364e+01 2.101050316302425891e+00 2.394342284636950813e-02
9.354539009474683553e+01 1.420863652109401301e+02 1.377317055599505569e+00 9.271197827570819072e+01 1.043624159608306901e+00 1.548783351705865785e-01
9.972087906874367036e+01 1.458961347031436162e+02 1.209623764432915305e+00 8.821419626531297808e+01 4.313992782959624073e+00 2.352949059777457736e-04
9.309391739760758355e+01 1.418834571461775340e+02 1.389761006305322955e+00 9.291381077255391574e+01 2.908726485053598765e-01 3.871500362397696238e-01
8.558165336905767617e+01 1.463139334185379994e+02 1.591549101573836333e+00 8.823657796356116023e+01 1.709261224863761530e+00 5.073657781634467040e-02
9.407972202077507973e+01 1.407211413728073239e+02 1.365165552134761207e+00 9.428614498693264068e+01 2.249474212101229664e+00 1.826618352333064799e-02
9.876794791803695261e+01 1.401920798229402862e+02 1.240231639198101199e+00 9.538133384619465005e+01 8.306409352115449174e-01 2.088450706954817493e-01
8.738318004620668944e+01 1.471440217200106417e+02 1.543805595904211847e+00 8.734958608883880515e+01 2.306007458931414789e+00 1.545666375924009857e-02
9.000000000000000000e+01 1.595000000000000000e+02 1.526216645827190632e+00 7.461153216724102322e+01 -1.290159905856898825e-01 5.507136608994248617e-01
9.360948471221490763e+01 1.422614777093695011e+02 1.375372560483926643e+00 9.251864722731636448e+01 1.085419867359153301e+00 1.456580605883903701e-01
9.390676132519729435e+01 1.372996549108647741e+02 1.379782098958733272e+00 9.809984564132082596e+01 5.313963649836109804e-01 3.006510837515593004e-01
8.711147501772757096e+01 1.517429631409559079e+02 1.561782160359718397e+00 8.280677439872343371e+01 2.409749545638857349e+00 1.238543427536552971e-02
9.675000000000000000e+01 1.558750000000000000e+02 1.325326875953626748e+00 7.660074327736282385e+01 4.484468965248399885e-01 3.295910736355602833e-01
9.675000000000000000e+01 1.305000000000000000e+02 1.343521329380371165e+00 1.063408056311466510e+02 -1.923526639169522046e+00 9.652356025599743150e-01
9.026974299279754632e+01 1.448140006231278676e+02 1.464241483428633916e+00 8.966825328858737976e+01 3.593558056536828804e+00 8.547135728565966864e-04
8.100000000000000000e+01 1.558750000000000000e+02 1.741791036727712516e+00 7.984410236253779658e+01 5.809609436951528316e-01 2.832339640912111545e-01
9.589251021013478749e+01 1.463099798925904906e+02 1.313311776484937576e+00 8.786748260070982042e+01 1.879166687036658345e+00 3.825635515312195145e-02
8.707539974281098694e+01 1.542185945140081458e+02 1.572512032972945839e+00 8.039422817660616261e+01 1.951596516628912870e+00 3.191623396225531234e-02
9.519694261469703633e+01 1.472493938635816448e+02 1.333250768722604507e+00 8.680819638607317756e+01 2.489746044643299960e+00 1.139415080876882841e-02
8.873860071605304256e+01 1.390935681798146106e+02 1.512617777262261098e+00 9.553789018614156703e+01 2.787589954313807183e+00 5.516095176975368761e-03
8.786313115988559730e+01 1.547687899733077757e+02 1.554126885906063293e+00 7.972338086874253804e+01 9.455619595202866545e-01 1.773211873013619821e-01
9.268188394897151738e+01 1.469020208061265294e+02 1.400591488378228444e+00 8.734596283124204774e+01 3.583202034867918773e+00 9.297406977823308031e-04
9.854464179463684559e+01 1.399305166036356241e+02 1.246913416026756760e+00 9.567843154275294637e+01 6.934172215429045272e-01 2.487067088962045536e-01
8.792749775128504552e+01 1.458578655370456545e+02 1.527897486457686860e+00 8.862503820522474030e+01 2.224147313142184501e+00 1.835744106608970527e-02
9.127277365987538360e+01 1.549047433634332265e+02 1.464335312954845758e+00 7.893941793725463185e+01 8.859321251015268572e-01 1.928434729524894919e-01
9.900000000000000000e+01 1.377500000000000000e+02 1.241944971607035431e+00 9.843837797782390453e+01 2.982439031133212182e-01 3.845657511170274545e-01
8.812621953329653479e+01 1.450254281395100406e+02 1.522158183617197125e+00 8.946599389135494107e+01 2.144492901185155453e+00 2.192473380194548405e-02
8.705605962127447128e+01 1.545567864887416363e+02 1.574575841450967850e+00 8.006978961176088205e+01 2.927355040167163303e-01 3.862337708230340061e-01
9.418980915515567176e+01 1.453232241933510522e+02 1.358556990953497357e+00 8.906255448196063185e+01 9.157034375377032243e-01 1.856494444861058191e-01
9.035399868142849300e+01 1.520683667429439083e+02 1.476154383236035317e+00 8.204292017472630505e+01 2.073230748493214648e+00 2.532261545257468577e-02
9.867735857341631345e+01 1.446415359781406096e+02 1.237217220342567314e+00 8.982302660529890659e+01 2.631533966336604635e+00 8.749438011581499655e-03
9.675000000000000000e+01 1.305000000000000000e+02 1.343521329380371165e+00 1.063408056311466510e+02 -8.454689221095494644e-02 5.332469372050346879e-01
9.198729254736828409e+01 1.548005259320181040e+02 1.444862127683218089e+00 7.890216189073689179e+01 2.844230855455510465e+00 5.012328915088364381e-03
