9.033322535151273769e+01 1.422576746731433559e+02 1.463755514608255259e+00 9.237050229906276400e+01 6.701372423265068434e+00 8.013564328431738631e-07
8.335855340771377087e+01 1.474028654154390097e+02 1.652678605707651682e+00 8.728175986331405056e+01 5.409539176865493459e+00 8.493822504156788548e-06
9.096234505972824991e+01 1.531409940590965562e+02 1.464223535992102976e+00 8.083151107476334118e+01 5.613580122113154269e-01 2.903948814500427744e-01
9.498735010356176645e+01 1.448458400691160932e+02 1.336874158113982469e+00 8.959980218901168314e+01 7.305652936749692516e-01 2.372236311726675928e-01
9.991035595536231995e+01 1.436674654707312584e+02 1.204130218648410855e+00 9.106964686683636501e+01 2.037070221266576553e+00 2.926880816600388110e-02
9.428349333221194684e+01 1.378127084426259898e+02 1.367815152753075747e+00 9.758540276893347709e+01 1.617712918893295493e+00 6.110297982998746935e-02
9.465062514692544937e+01 1.447293514925986528e+02 1.345947366441119009e+00 8.973639027835329784e+01 2.854823793171223922e+00 5.067350928426651510e-03
9.498542564400122501e+01 1.442910861447671778e+02 1.336905407236889110e+00 9.024174319003799383e+01 5.153816197874011351e+00 2.822571432048819176e-05
9.547592824836829095e+01 1.425840087317155849e+02 1.324660459110304389e+00 9.223813254921969929e+01 5.270484205322224724e+00 2.594746885224462338e-05
9.484640203043818474e+01 1.469039602009579539e+02 1.342217447674784570e+00 8.722821078143095974e+01 2.489325772193445196e+00 1.111740734947791118e-02
9.260849119656177209e+01 1.502199269585375987e+02 1.409556780152811051e+00 8.370976214258217851e+01 2.293542149510708228e+00 1.639153477094507441e-02
9.390293391908198828e+01 1.412016827881034260e+02 1.369020347722903264e+00 9.372971524596306381e+01 2.388215091649211530e+00 1.373482226071517757e-02
9.000000000000000000e+01 1.595000000000000000e+02 1.526216645827190632e+00 7.461153216724102322e+01 -1.011053361968756059e+00 8.382503822229232515e-01
8.249118157975590293e+01 1.478918506366217116e+02 1.676740915286864197e+00 8.686907030834450438e+01 4.409942220988106953e+00 9.312076665168758476e-05
9.000000000000000000e+01 1.595000000000000000e+02 1.526216645827190632e+00 7.461153216724102322e+01 -4.473706876756693984e-01 6.704060789692305455e-01
9.621666773327160627e+01 1.421222611913690343e+02 1.305229769932089390e+00 9.281928408194374924e+01 1.559228104166440199e+00 6.817552964842156504e-02
9.374035190496942960e+01 1.377220399234574870e+02 1.382674881589944338e+00 9.760574134053024409e+01 5.032090449032865287e+00 3.700294875126459927e-05
9.369638997875154018e+01 1.457695460785180330e+02 1.372125691954007909e+00 8.856851714416882260e+01 6.164323260503471680e+00 3.172938507389191912e-06
8.797134014909170219e+01 1.471094701606161834e+02 1.527899134823334171e+00 8.735699442023593519e+01 7.225308510388005701e+00 1.533426092892438941e-07
9.485888575665376266e+01 1.470891584070086537e+02 1.342131942164042302e+00 8.701429856390319628e+01 2.867640250984365480e+00 4.927083167529790891e-03
8.415405799579457380e+01 1.531124708826246206e+02 1.645850410431208388e+00 8.187769322062359834e+01 1.289077097236579039e+00 1.050929738830070487e-01
9.000000000000000000e+01 1.595000000000000000e+02 1.526216645827190632e+00 7.461153216724102322e+01 -5.237860546705831455e-01 6.970441439002117434e-01
8.100000000000000000e+01 1.558750000000000000e+02 1.741791036727712516e+00 7.984410236253779658e+01 -7.053594280645404391e-01 7.564463274889661193e-01
8.733635113388299942e+01 1.451236297711730003e+02 1.543510364187353101e+00 8.937495353926766484e+01 4.038180352686563168e+00 2.747655753873136982e-04
9.633163243305170909e+01 1.474647913884982700e+02 1.303007138303003076e+00 8.647785440029906567e+01 3.901811575483687289e+00 5.225943517904502091e-04
9.419906924944370985e+01 1.445448468008544296e+02 1.358125670049753042e+00 8.994891681536614669e+01 1.601751192670758384e+00 6.285301131450492240e-02
8.482923132134601474e+01 1.535579639993375167e+02 1.629567401370448643e+00 8.136845321598335090e+01 1.542295691639895328e+00 6.832475823104258716e-02
9.338536486946395598e+01 1.383874092518744874e+02 1.389928344966964158e+00 9.681938411162184366e+01 1.160132852418319205e+00 1.301827853202656704e-01
9.807217637216672301e+01 1.402461630048928782e+02 1.258801833229774569e+00 9.523497113812470616e+01 2.327091826454797285e+00 1.628671532719784196e-02
9.225597909939824603e+01 1.496497919784669648e+02 1.417424932171024388e+00 8.437043269023786252e+01 3.303013018934577438e+00 1.775867541222626378e-03
9.262782497230080025e+01 1.447434014360450192e+02 1.400564144285747048e+00 8.973115118744482288e+01 2.130422043280954636e+00 2.286963368103911431e-02
9.267503756174119189e+01 1.374948103578208247e+02 1.411999175832169717e+00 9.769802377858678710e+01 8.289377239451960477e-01 2.084617010363891687e-01
8.663229204739036504e+01 1.538700051654741401e+02 1.582777819005835473e+00 8.080242975772856084e+01 1.249185959138540802e+00 1.123626812178976225e-01
9.135233137733303010e+01 1.533092040719930083e+02 1.454565143065302824e+00 8.058881010216441609e+01 1.184916429621200695e+00 1.249700460903510474e-01
8.957260246470104903e+01 1.440940612206468359e+02 1.483080233907744683e+00 9.042343450449857301e+01 3.579563272853010236e+00 8.834942058222620877e-04
8.947168011660687625e+01 1.497790406903368421e+02 1.492585851934041585e+00 8.452020418101335508e+01 1.053909123128417891e+00 1.519500925857185658e-01
9.675000000000000000e+01 1.558750000000000000e+02 1.325326875953626748e+00 7.660074327736282385e+01 -9.007436584077548325e-01 8.101906811419252730e-01
8.100000000000000000e+01 1.558750000000000000e+02 1.741791036727712516e+00 7.984410236253779658e+01 -5.203420694248337419e-01 6.962984689931819293e-01
9.453076156964380061e+01 1.460392094492199249e+02 1.349809354398968653e+00 8.823566795773410831e+01 7.134711274364155642e+00 4.391855605738658720e-07
