9.030577090830774978e+01 1.425302825922990451e+02 1.464210336942092905e+00 9.208152862731981259e+01 7.212225703405113819e+00 2.781641497613143906e-07
8.318490206217393279e+01 1.442663127924315631e+02 1.655519667924720606e+00 9.021836752025916439e+01 7.527275547962660518e+00 4.558150241882660195e-08
8.973216502667492023e+01 1.533854481932139606e+02 1.498066219251436015e+00 8.078471500746269385e+01 6.009130368385110499e-01 2.771645735137165945e-01
9.498554426862392575e+01 1.447350425352633465e+02 1.336905367079927132e+00 8.972802197001735180e+01 5.766776190143044767e-01 2.854634726586646742e-01
9.961604956366920760e+01 1.422556335732546131e+02 1.213380777264654542e+00 9.286262030085765673e+01 1.672270618883552773e+00 5.638663527168984863e-02
9.472602679736155551e+01 1.469034607738576597e+02 1.345463135272718880e+00 8.723547732634946783e+01 1.730462566836213023e+00 4.987871158414591138e-02
9.480811973707750440e+01 1.448572124871425331e+02 1.341715432481068282e+00 8.958813360928093061e+01 3.501616894163893878e+00 1.193286730859822098e-03
9.498268753895536065e+01 1.443983845751499757e+02 1.336970251559183032e+00 9.011757760094963032e+01 6.051559888488235117e+00 4.024843955551488204e-06
9.545531949343785527e+01 1.423194453454598261e+02 1.325514535132568561e+00 9.254572672154665725e+01 6.461345286629024187e+00 2.221352464571851809e-06
9.485544212661625352e+01 1.468546816427224257e+02 1.341909955760077322e+00 8.728444986399293271e+01 3.654132987866169024e+00 8.435884591716031255e-04
9.273560946247744141e+01 1.501416104130585154e+02 1.405914628993938154e+00 8.378009305911444926e+01 2.727318349678789389e+00 6.488652630567219234e-03
9.502789306640625000e+01 1.424551544189453125e+02 1.336887423274145670e+00 9.236687653274327658e+01 3.051435350553840742e+00 3.435450346679354543e-03
9.000000000000000000e+01 1.595000000000000000e+02 1.526216645827190632e+00 7.461153216724102322e+01 -1.017603170086102793e+00 8.397760855960274551e-01
9.044866262376308441e+01 1.549822385124862194e+02 1.486576060943430200e+00 7.902479954203877810e+01 1.274223396640212336e+00 1.082527177659737966e-01
9.000000000000000000e+01 1.595000000000000000e+02 1.526216645827190632e+00 7.461153216724102322e+01 -3.734520545524954716e-01 6.437222557373727394e-01
9.675000000000000000e+01 1.305000000000000000e+02 1.343521329380371165e+00 1.063408056311466510e+02 -1.278562377068469313e+00 8.917755187920780591e-01
9.388068621349520981e+01 1.376218195455730893e+02 1.379281012248423144e+00 9.773799103091948837e+01 4.028974441826262520e+00 3.585623941728943980e-04
9.363527570333098993e+01 1.457682573698111810e+02 1.373774395289851347e+00 8.857168710825496305e+01 6.400314041095267470e+00 1.939130011348408700e-06
8.992352908052271232e+01 1.471629344939137809e+02 1.475317751620496720e+00 8.720659841413487356e+01 9.021773964607138652e+00 5.691302742862853268e-09
9.462088952439080458e+01 1.466818259684223449e+02 1.348023780666200544e+00 8.749534866651504217e+01 5.257815918740775807e+00 2.242180076329419879e-05
9.494259146042168140e+01 1.441611546697095037e+02 1.338081307426327582e+00 9.039174979826123035e+01 3.702814685087297608e+00 7.550120466160775354e-04
9.000000000000000000e+01 1.595000000000000000e+02 1.526216645827190632e+00 7.461153216724102322e+01 -1.017942441993660990e-01 5.400571458266274494e-01
8.100000000000000000e+01 1.558750000000000000e+02 1.741791036727712516e+00 7.984410236253779658e+01 -1.008942297317091175e+00 8.386657731945430516e-01
8.851881248915196920e+01 1.448882529106604125e+02 1.511528413752493138e+00 8.960263621587500893e+01 6.014064003720359652e-01 2.770033620747026637e-01
9.631883730227127671e+01 1.402834336059167981e+02 1.305863554129321313e+00 9.500148799188070825e+01 7.322243732686399831e-01 2.367294099482766812e-01
9.218431586644146591e+01 1.523424180674483068e+02 1.428306208329479965e+00 8.147451983065124637e+01 1.500565005360248394e+00 7.454523948519056753e-02
9.390991905110422522e+01 1.534426781825022772e+02 1.387108486804618401e+00 7.997552736502962034e+01 3.488419421822317013e+00 1.229559933317082333e-03
9.178695300885010511e+01 1.451278851889655925e+02 1.423353231406504715e+00 8.931756041156904757e+01 4.924181596909251724e+00 4.091671180421176330e-05
9.085873695651753224e+01 1.365267105809216446e+02 1.464226316676858097e+00 9.845459728422855505e+01 2.695691156232878249e+00 6.769286975788939460e-03
9.540894932113587856e+01 1.509648233782500029e+02 1.336902266207473433e+00 8.249786160019300496e+01 1.941988755397259903e+00 3.355665346184030784e-02
8.550000000000000000e+01 1.595000000000000000e+02 1.643676975564237752e+00 7.573548770192010693e+01 -2.110759392195072637e-01 5.826564920595780350e-01
9.900000000000000000e+01 1.377500000000000000e+02 1.241944971607035431e+00 9.843837797782390453e+01 -7.336848470246042364e-01 7.634306456491519732e-01
9.248550882283598185e+01 1.399378285889979452e+02 1.409782887750281599e+00 9.501256363606307787e+01 3.441166037762582786e+00 1.291909857493625524e-03
9.190518050640821457e+01 1.432622482683509588e+02 1.420453312073072016e+00 9.134813396141447583e+01 2.828373671874176321e+00 5.191853893167168443e-03
9.457499473608186236e+01 1.457697288603012566e+02 1.348411022605534137e+00 8.854312633457783477e+01 3.924291168244499861e+00 4.554225501755996088e-04
9.190816847206770035e+01 1.548161325190982325e+02 1.447039636708204791e+00 7.890207150104038192e+01 1.878964190117393684e+00 3.745152528769089134e-02
9.675000000000000000e+01 1.558750000000000000e+02 1.325326875953626748e+00 7.660074327736282385e+01 -9.314532995095688162e-02 5.365914814692653856e-01
8.508749818056821823e+01 1.512126016970723867e+02 1.614343613738074223e+00 8.355388769492066103e+01 4.988982998275897640e-01 3.112946138279782948e-01
8.879370165226282552e+01 1.427871561530628242e+02 1.504780879907652524e+00 9.176116195556801358e+01 7.959480711401370812e+00 4.466436655357758824e-08
