9.560833644866943359e+02
9.619676393847070131e+02
9.712936849357073470e+02
9.817377194059788508e+02
9.913249974592554281e+02
1.001609187874402664e+03
1.011600670629204387e+03
1.021544383345584833e+03
1.033266120870003761e+03
1.043332209286651732e+03
1.054003066492175094e+03
1.064173818965156215e+03
1.075102468855918460e+03
1.085189254338336696e+03
1.095356470864612675e+03
1.104974458562375276e+03
1.114359062419160637e+03
1.125441807529224207e+03
1.137134290800793451e+03
1.149142693416859856e+03
1.158161854617184417e+03
1.167741306907864555e+03
1.177719374029428309e+03
1.187441183148325308e+03
1.198306111536438948e+03
1.209248335472048439e+03
1.219759539231915369e+03
1.230196155242918394e+03
1.240586670329282924e+03
1.249852089800734348e+03
1.259999502716858615e+03
1.270926880275857002e+03
1.281962273123397608e+03
1.292129136223953083e+03
1.301046774594562294e+03
1.309366414415370400e+03
1.318162837009463146e+03
1.326547961762032401e+03
1.333714656474397771e+03
