9.315586519241333008e+02
9.665131896483486571e+02
9.752766408004506502e+02
9.837367721301837946e+02
9.899944263459241256e+02
1.005310369296218823e+03
1.014159421332107286e+03
1.022145347505482732e+03
1.035527585526701614e+03
1.044595766527559363e+03
1.054252480119713482e+03
1.063928808402488130e+03
1.076130237205100457e+03
1.086227948106290796e+03
1.095667851301996961e+03
1.105497856672391208e+03
1.119252171391010506e+03
1.125281865359749872e+03
1.140241312039272771e+03
1.148900947313173901e+03
1.159240619296889690e+03
1.169544258245828587e+03
1.182548569430245152e+03
1.188444982448246492e+03
1.203650757849182583e+03
1.211910330202508931e+03
1.220562912954074591e+03
1.229973732599348523e+03
1.237774553068441946e+03
1.247815590204925684e+03
1.258753506369963361e+03
1.270826102765384576e+03
1.281955742081031758e+03
1.292270534932804367e+03
1.300445923994207078e+03
1.309529542606052019e+03
1.319299547639138154e+03
1.325406360076450483e+03
1.329527583507143163e+03
